0
0

1
643

2
655

3
660

4
663

5
667

6
667

7
668

8
670

9
672

10
673

11
674

12
674

13
674

14
675

15
676

16
677

17
679

18
679

19
680

20
681

21
681

22
681

23
683

24
683

25
684

26
685

27
686

28
686

29
687

30
689

31
689

32
689

33
690

34
691

35
691

36
692

37
692

38
692

39
694

40
695

41
696

42
697

43
697

44
698

45
697

46
698

47
700

48
698

49
700

50
701

51
701

52
700

53
704

54
704

55
705

56
705

57
707

58
707

59
707

60
708

61
709

62
710

63
710

64
711

65
712

66
712

67
713

68
713

69
714

70
715

71
716

72
716

73
717

74
722

75
719

76
719

77
719

78
720

79
721

80
721

81
722

82
724

83
726

84
724

85
725

86
726

87
727

88
727

89
728

90
728

91
729

92
730

93
731

94
731

95
732

96
733

97
733

98
735

99
736

100
735

101
737

102
737

103
737

104
738

105
738

106
739

107
740

108
741

109
741

110
737

111
746

112
743

113
745

114
745

115
745

116
746

117
746

118
747

119
748

120
749

121
748

122
750

123
751

124
743

125
752

126
752

127
753

128
753

129
754

130
756

131
756

132
756

133
757

134
757

135
754

136
759

137
759

138
760

139
761

140
762

141
763

142
763

143
764

144
763

145
765

146
767

147
768

148
769

149
768

150
769

151
769

152
770

153
770

154
771

155
774

156
772

157
772

158
773

159
775

160
776

161
775

162
776

163
777

164
778

165
778

166
779

167
780

168
781

169
781

170
782

171
784

172
784

173
784

174
785

175
785

176
784

177
787

178
788

179
788

180
784

181
790

182
790

183
792

184
792

185
792

186
792

187
793

188
794

189
794

190
795

191
796

192
798

193
797

194
799

195
799

196
800

197
797

198
798

199
802

200
803

201
802

202
804

203
804

204
804

205
805

206
806

207
806

208
807

209
808

210
809

211
809

212
810

213
811

214
811

215
812

216
813

217
814

218
814

219
816

220
815

221
822

222
818

223
817

224
818

225
818

226
819

227
821

228
821

229
821

230
822

231
823

232
823

233
825

234
825

235
826

236
827

237
828

238
827

239
827

240
828

241
829

242
830

243
831

244
832

245
832

246
833

247
833

248
835

249
845

250
835

251
836

252
837

253
838

254
839

255
838

256
839

257
840

258
840

259
842

260
842

261
843

262
844

263
845

264
845

265
844

266
846

267
848

268
848

269
849

270
849

271
849

272
851

273
850

274
851

275
853

276
853

277
854

278
854

279
855

280
860

281
856

282
856

283
858

284
859

285
859

286
860

287
861

288
861

289
862

290
862

291
863

292
864

293
864

294
864

295
864

296
866

297
867

298
868

299
868

300
869

301
869

302
870

303
871

304
874

305
873

306
873

307
874

308
874

309
877

310
876

311
876

312
877

313
878

314
878

315
880

316
880

317
880

318
882

319
880

320
882

321
880

322
884

323
885

324
885

325
885

326
888

327
888

328
888

329
887

330
888

331
890

332
891

333
891

334
890

335
892

336
893

337
892

338
895

339
895

340
896

341
898

342
896

343
898

344
897

345
901

346
900

347
901

348
901

349
902

350
902

351
903

352
902

353
904

354
905

355
905

356
906

357
907

358
908

359
909

360
909

361
910

362
910

363
911

364
911

365
911

366
913

367
914

368
915

369
915

370
916

371
917

372
918

373
917

374
918

375
918

376
920

377
920

378
922

379
922

380
922

381
923

382
923

383
924

384
925

385
926

386
926

387
928

388
929

389
929

390
928

391
930

392
931

393
932

394
932

395
932

396
933

397
934

398
934

399
931

400
936

401
936

402
937

403
938

404
938

405
940

406
941

407
940

408
941

409
943

410
943

411
944

412
944

413
944

414
945

415
946

416
946

417
948

418
948

419
949

420
948

421
950

422
951

423
951

424
953

425
952

426
953

427
955

428
955

429
956

430
956

431
956

432
957

433
957

434
959

435
960

436
960

437
960

438
962

439
961

440
960

441
963

442
964

443
965

444
966

445
966

446
967

447
968

448
968

449
969

450
969

451
970

452
970

453
972

454
969

455
974

456
974

457
974

458
975

459
975

460
975

461
977

462
977

463
978

464
979

465
979

466
980

467
980

468
981

469
982

470
983

471
984

472
984

473
985

474
984

475
986

476
986

477
988

478
988

479
988

480
989

481
990

482
991

483
992

484
991

485
993

486
993

487
994

488
998

489
995

490
996

491
998

492
1002

493
998

494
998

495
1000

496
1001

497
1000

498
1001

499
1001

500
1003

501
1004

502
1004

503
1005

504
1005

505
1005

506
1008

507
1009

508
1009

509
1010

510
1010

511
1010

512
1011

513
1012

514
1012

515
1013

516
1014

517
1014

518
1015

519
1015

520
1016

521
1017

522
1017

523
1018

524
1018

525
1015

526
1019

527
1021

528
1021

529
1022

530
1023

531
1023

532
1023

533
1024

534
1025

535
1027

536
1026

537
1023

538
1028

539
1029

540
1029

541
1031

542
1031

543
1031

544
1032

545
1032

546
1034

547
1034

548
1034

549
1035

550
1037

551
1037

552
1036

553
1038

554
1039

555
1039

556
1040

557
1040

558
1040

559
1037

560
1044

561
1043

562
1043

563
1044

564
1045

565
1047

566
1047

567
1048

568
1048

569
1049

570
1048

571
1049

572
1049

573
1051

574
1052

575
1053

576
1054

577
1054

578
1055

579
1056

580
1058

581
1057

582
1057

583
1058

584
1058

585
1060

586
1060

587
1061

588
1062

589
1062

590
1062

591
1064

592
1064

593
1064

594
1065

595
1067

596
1067

597
1067

598
1068

599
1069

600
1070

601
1068

602
1072

603
1071

604
1072

605
1072

606
1073

607
1075

608
1074

609
1076

610
1076

611
1077

612
1078

613
1077

614
1079

615
1080

616
1080

617
1081

618
1082

619
1081

620
1083

621
1091

622
1085

623
1085

624
1086

625
1087

626
1086

627
1088

628
1089

629
1090

630
1089

631
1090

632
1091

633
1090

634
1092

635
1094

636
1095

637
1095

638
1095

639
1096

640
1097

641
1097

642
1098

643
1098

644
1099

645
1100

646
1101

647
1101

648
1101

649
1103

650
1103

651
1104

652
1105

653
1104

654
1105

655
1107

656
1106

657
1108

658
1108

659
1109

660
1110

661
1110

662
1111

663
1112

664
1113

665
1113

666
1114

667
1114

668
1114

669
1116

670
1116

671
1117

672
1117

673
1119

674
1119

675
1120

676
1125

677
1121

678
1122

679
1123

680
1122

681
1124

682
1127

683
1124

684
1125

685
1126

686
1128

687
1128

688
1128

689
1129

690
1129

691
1130

692
1131

693
1131

694
1132

695
1134

696
1134

697
1132

698
1136

699
1136

700
1136

701
1138

702
1139

703
1138

704
1140

705
1140

706
1141

707
1138

708
1142

709
1142

710
1142

711
1143

712
1145

713
1145

714
1145

715
1147

716
1147

717
1149

718
1149

719
1149

720
1150

721
1152

722
1152

723
1151

724
1153

725
1153

726
1153

727
1155

728
1154

729
1152

730
1156

731
1158

732
1159

733
1159

734
1159

735
1160

736
1161

737
1162

738
1161

739
1163

740
1163

741
1164

742
1164

743
1165

744
1165

745
1167

746
1175

747
1167

748
1169

749
1169

750
1165

751
1171

752
1171

753
1172

754
1172

755
1168

756
1175

757
1175

758
1179

759
1177

760
1176

761
1175

762
1178

763
1179

764
1177

765
1180

766
1181

767
1182

768
1183

769
1182

770
1182

771
1183

772
1184

773
1184

774
1186

775
1186

776
1188

777
1189

778
1188

779
1189

780
1190

781
1190

782
1191

783
1192

784
1193

785
1193

786
1194

787
1190

788
1195

789
1196

790
1198

791
1198

792
1198

793
1196

794
1199

795
1201

796
1201

797
1202

798
1202

799
1204

800
1204

801
1205

802
1205

803
1205

804
1207

805
1205

806
1207

807
1207

808
1209

809
1206

810
1211

811
1211

812
1211

813
1213

814
1211

815
1214

816
1213

817
1214

818
1216

819
1216

820
1217

821
1217

822
1218

823
1219

824
1219

825
1221

826
1221

827
1221

828
1222

829
1223

830
1224

831
1223

832
1224

833
1226

834
1225

835
1226

836
1229

837
1228

838
1229

839
1229

840
1229

841
1231

842
1231

843
1232

844
1233

845
1233

846
1234

847
1233

848
1236

849
1236

850
1237

851
1237

852
1238

853
1239

854
1240

855
1241

856
1241

857
1241

858
1243

859
1243

860
1244

861
1243

862
1245

863
1245

864
1246

865
1247

866
1247

867
1248

868
1249

869
1250

870
1251

871
1250

872
1252

873
1251

874
1252

875
1253

876
1254

877
1256

878
1255

879
1256

880
1258

881
1258

882
1258

883
1259

884
1259

885
1260

886
1260

887
1262

888
1261

889
1262

890
1264

891
1264

892
1265

893
1266

894
1267

895
1267

896
1267

897
1268

898
1269

899
1270

900
1270

901
1271

902
1272

903
1272

904
1273

905
1274

906
1274

907
1274

908
1275

909
1276

910
1276

911
1278

912
1277

913
1277

914
1279

915
1280

916
1281

917
1282

918
1281

919
1283

920
1284

921
1282

922
1285

923
1284

924
1284

925
1287

926
1288

927
1288

928
1289

929
1289

930
1290

931
1291

932
1293

933
1292

934
1293

935
1294

936
1295

937
1294

938
1296

939
1295

940
1297

941
1297

942
1299

943
1298

944
1298

945
1300

946
1302

947
1301

948
1302

949
1302

950
1305

951
1305

952
1305

953
1305

954
1306

955
1307

956
1307

957
1309

958
1309

959
1310

960
1310

961
1311

962
1313

963
1313

964
1311

965
1313

966
1314

967
1315

968
1315

969
1317

970
1316

971
1317

972
1319

973
1318

974
1319

975
1320

976
1321

977
1321

978
1323

979
1322

980
1324

981
1324

982
1318

983
1326

984
1327

985
1327

986
1328

987
1328

988
1329

989
1329

990
1330

991
1331

992
1332

993
1332

994
1333

995
1333

996
1335

997
1334

998
1336

999
1337

1000
1337

1001
1338

1002
1338

1003
1339

1004
1340

1005
1341

1006
1341

1007
1342

1008
1342

1009
1343

1010
1344

1011
1345

1012
1345

1013
1346

1014
1346

1015
1346

1016
1348

1017
1348

1018
1348

1019
1349

1020
1351

1021
1351

1022
1352

1023
1352

1024
1353

1025
1354

1026
1354

1027
1356

1028
1355

1029
1356

1030
1357

1031
1358

1032
1358

1033
1359

1034
1360

1035
1361

1036
1362

1037
1362

1038
1362

1039
1363

1040
1364

1041
1365

1042
1365

1043
1366

1044
1368

1045
1367

1046
1368

1047
1368

1048
1369

1049
1370

1050
1370

1051
1372

1052
1371

1053
1373

1054
1374

1055
1374

1056
1374

1057
1375

1058
1376

1059
1376

1060
1377

1061
1379

1062
1378

1063
1379

1064
1379

1065
1384

1066
1383

1067
1382

1068
1382

1069
1384

1070
1385

1071
1386

1072
1385

1073
1387

1074
1387

1075
1387

1076
1388

1077
1389

1078
1389

1079
1390

1080
1391

1081
1393

1082
1392

1083
1391

1084
1393

1085
1394

1086
1395

1087
1395

1088
1396

1089
1396

1090
1397

1091
1398

1092
1399

1093
1399

1094
1398

1095
1400

1096
1402

1097
1402

1098
1403

1099
1404

1100
1404

1101
1405

1102
1407

1103
1407

1104
1407

1105
1408

1106
1408

1107
1408

1108
1410

1109
1409

1110
1410

1111
1411

1112
1411

1113
1413

1114
1413

1115
1414

1116
1415

1117
1416

1118
1416

1119
1417

1120
1417

1121
1419

1122
1418

1123
1420

1124
1420

1125
1420

1126
1423

1127
1422

1128
1423

1129
1424

1130
1424

1131
1425

1132
1426

1133
1427

1134
1426

1135
1428

1136
1424

1137
1429

1138
1429

1139
1430

1140
1431

1141
1433

1142
1432

1143
1432

1144
1435

1145
1434

1146
1431

1147
1436

1148
1437

1149
1437

1150
1438

1151
1438

1152
1438

1153
1440

1154
1440

1155
1441

1156
1442

1157
1443

1158
1443

1159
1444

1160
1444

1161
1445

1162
1445

1163
1446

1164
1447

1165
1448

1166
1449

1167
1448

1168
1450

1169
1450

1170
1451

1171
1452

1172
1452

1173
1455

1174
1453

1175
1453

1176
1455

1177
1456

1178
1456

1179
1456

1180
1457

1181
1459

1182
1459

1183
1460

1184
1460

1185
1460

1186
1462

1187
1463

1188
1463

1189
1466

1190
1464

1191
1465

1192
1466

1193
1467

1194
1468

1195
1468

1196
1465

1197
1469

1198
1470

1199
1471

1200
1471

1201
1472

1202
1472

1203
1473

1204
1473

1205
1474

1206
1475

1207
1476

1208
1476

1209
1478

1210
1477

1211
1478

1212
1476

1213
1480

1214
1482

1215
1482

1216
1482

1217
1479

1218
1483

1219
1481

1220
1484

1221
1487

1222
1485

1223
1487

1224
1483

1225
1488

1226
1488

1227
1488

1228
1488

1229
1491

1230
1491

1231
1492

1232
1493

1233
1493

1234
1492

1235
1494

1236
1495

1237
1497

1238
1496

1239
1497

1240
1497

1241
1499

1242
1498

1243
1500

1244
1497

1245
1502

1246
1502

1247
1501

1248
1504

1249
1504

1250
1504

1251
1506

1252
1504

1253
1506

1254
1506

1255
1508

1256
1508

1257
1509

1258
1509

1259
1506

1260
1512

1261
1513

1262
1513

1263
1514

1264
1514

1265
1515

1266
1516

1267
1516

1268
1517

1269
1518

1270
1518

1271
1518

1272
1515

1273
1520

1274
1520

1275
1522

1276
1524

1277
1523

1278
1524

1279
1525

1280
1525

1281
1526

1282
1525

1283
1526

1284
1526

1285
1528

1286
1529

1287
1533

1288
1530

1289
1531

1290
1530

1291
1532

1292
1532

1293
1534

1294
1534

1295
1535

1296
1535

1297
1536

1298
1537

1299
1537

1300
1539

1301
1539

1302
1538

1303
1539

1304
1540

1305
1541

1306
1542

1307
1542

1308
1542

1309
1544

1310
1543

1311
1545

1312
1545

1313
1546

1314
1547

1315
1548

1316
1549

1317
1549

1318
1549

1319
1550

1320
1550

1321
1552

1322
1552

1323
1552

1324
1556

1325
1554

1326
1556

1327
1555

1328
1556

1329
1557

1330
1558

1331
1560

1332
1560

1333
1559

1334
1560

1335
1561

1336
1561

1337
1563

1338
1562

1339
1563

1340
1564

1341
1565

1342
1566

1343
1567

1344
1567

1345
1567

1346
1569

1347
1569

1348
1570

1349
1571

1350
1570

1351
1572

1352
1573

1353
1572

1354
1574

1355
1574

1356
1576

1357
1576

1358
1576

1359
1578

1360
1578

1361
1580

1362
1579

1363
1580

1364
1578

1365
1581

1366
1581

1367
1583

1368
1582

1369
1584

1370
1584

1371
1586

1372
1585

1373
1587

1374
1588

1375
1589

1376
1588

1377
1590

1378
1590

1379
1590

1380
1593

1381
1593

1382
1592

1383
1592

1384
1592

1385
1594

1386
1596

1387
1595

1388
1596

1389
1598

1390
1597

1391
1599

1392
1600

1393
1599

1394
1607

1395
1601

1396
1603

1397
1603

1398
1602

1399
1605

1400
1604

1401
1606

1402
1605

1403
1606

1404
1607

1405
1608

1406
1610

1407
1610

1408
1612

1409
1611

1410
1611

1411
1613

1412
1613

1413
1613

1414
1613

1415
1614

1416
1615

1417
1615

1418
1616

1419
1617

1420
1617

1421
1620

1422
1619

1423
1620

1424
1621

1425
1620

1426
1622

1427
1623

1428
1623

1429
1624

1430
1624

1431
1626

1432
1625

1433
1626

1434
1627

1435
1628

1436
1629

1437
1629

1438
1630

1439
1630

1440
1631

1441
1633

1442
1632

1443
1634

1444
1634

1445
1634

1446
1636

1447
1635

1448
1636

1449
1635

1450
1637

1451
1640

1452
1638

1453
1640

1454
1641

1455
1642

1456
1642

1457
1644

1458
1643

1459
1644

1460
1643

1461
1646

1462
1646

1463
1646

1464
1647

1465
1648

1466
1649

1467
1649

1468
1649

1469
1651

1470
1652

1471
1653

1472
1652

1473
1652

1474
1654

1475
1655

1476
1655

1477
1656

1478
1657

1479
1657

1480
1658

1481
1659

1482
1659

1483
1660

1484
1659

1485
1659

1486
1663

1487
1663

1488
1662

1489
1664

1490
1665

1491
1666

1492
1666

1493
1667

1494
1667

1495
1668

1496
1668

1497
1669

1498
1670

1499
1670

1500
1671

1501
1673

1502
1672

1503
1673

1504
1672

1505
1674

1506
1676

1507
1676

1508
1673

1509
1677

1510
1679

1511
1679

1512
1678

1513
1683

1514
1680

1515
1681

1516
1682

1517
1683

1518
1684

1519
1684

1520
1686

1521
1686

1522
1685

1523
1689

1524
1687

1525
1688

1526
1690

1527
1690

1528
1690

1529
1691

1530
1691

1531
1692

1532
1692

1533
1694

1534
1694

1535
1696

1536
1695

1537
1696

1538
1696

1539
1697

1540
1698

1541
1699

1542
1699

1543
1700

1544
1701

1545
1701

1546
1704

1547
1703

1548
1703

1549
1705

1550
1706

1551
1706

1552
1707

1553
1706

1554
1707

1555
1708

1556
1709

1557
1708

1558
1710

1559
1711

1560
1711

1561
1712

1562
1712

1563
1713

1564
1713

1565
1715

1566
1716

1567
1716

1568
1716

1569
1717

1570
1717

1571
1720

1572
1719

1573
1720

1574
1720

1575
1721

1576
1722

1577
1723

1578
1723

1579
1724

1580
1724

1581
1726

1582
1725

1583
1727

1584
1727

1585
1728

1586
1730

1587
1729

1588
1729

1589
1731

1590
1729

1591
1733

1592
1733

1593
1733

1594
1733

1595
1734

1596
1737

1597
1737

1598
1737

1599
1738

1600
1738

1601
1740

1602
1739

1603
1740

1604
1741

1605
1742

1606
1743

1607
1743

1608
1743

1609
1744

1610
1745

1611
1745

1612
1744

1613
1747

1614
1752

1615
1748

1616
1749

1617
1749

1618
1750

1619
1751

1620
1751

1621
1752

1622
1752

1623
1754

1624
1754

1625
1754

1626
1755

1627
1756

1628
1757

1629
1758

1630
1757

1631
1759

1632
1759

1633
1760

1634
1760

1635
1761

1636
1762

1637
1763

1638
1763

1639
1764

1640
1765

1641
1765

1642
1775

1643
1766

1644
1766

1645
1768

1646
1770

1647
1769

1648
1769

1649
1770

1650
1771

1651
1774

1652
1772

1653
1774

1654
1774

1655
1775

1656
1775

1657
1776

1658
1777

1659
1777

1660
1778

1661
1779

1662
1780

1663
1780

1664
1782

1665
1782

1666
1784

1667
1784

1668
1783

1669
1784

1670
1784

1671
1786

1672
1785

1673
1786

1674
1787

1675
1788

1676
1797

1677
1790

1678
1790

1679
1791

1680
1792

1681
1794

1682
1793

1683
1794

1684
1795

1685
1796

1686
1796

1687
1796

1688
1796

1689
1798

1690
1798

1691
1800

1692
1799

1693
1807

1694
1801

1695
1802

1696
1803

1697
1803

1698
1804

1699
1805

1700
1801

1701
1806

1702
1806

1703
1806

1704
1807

1705
1809

1706
1810

1707
1809

1708
1809

1709
1811

1710
1811

1711
1813

1712
1813

1713
1813

1714
1814

1715
1815

1716
1816

1717
1816

1718
1817

1719
1818

1720
1818

1721
1820

1722
1820

1723
1820

1724
1820

1725
1822

1726
1822

1727
1823

1728
1823

1729
1824

1730
1825

1731
1824

1732
1826

1733
1828

1734
1828

1735
1828

1736
1829

1737
1830

1738
1830

1739
1830

1740
1831

1741
1832

1742
1834

1743
1834

1744
1834

1745
1836

1746
1836

1747
1836

1748
1836

1749
1837

1750
1839

1751
1839

1752
1839

1753
1840

1754
1841

1755
1842

1756
1843

1757
1844

1758
1844

1759
1844

1760
1845

1761
1846

1762
1846

1763
1847

1764
1847

1765
1849

1766
1848

1767
1849

1768
1850

1769
1851

1770
1851

1771
1860

1772
1852

1773
1854

1774
1854

1775
1856

1776
1856

1777
1856

1778
1857

1779
1858

1780
1859

1781
1860

1782
1859

1783
1861

1784
1861

1785
1862

1786
1863

1787
1863

1788
1863

1789
1865

1790
1865

1791
1867

1792
1866

1793
1867

1794
1868

1795
1869

1796
1870

1797
1870

1798
1870

1799
1871

1800
1871

1801
1873

1802
1872

1803
1874

1804
1874

1805
1876

1806
1876

1807
1877

1808
1876

1809
1878

1810
1877

1811
1880

1812
1883

1813
1880

1814
1880

1815
1881

1816
1882

1817
1883

1818
1884

1819
1885

1820
1884

1821
1886

1822
1886

1823
1887

1824
1888

1825
1888

1826
1889

1827
1890

1828
1890

1829
1891

1830
1891

1831
1893

1832
1893

1833
1893

1834
1894

1835
1895

1836
1895

1837
1896

1838
1898

1839
1898

1840
1898

1841
1900

1842
1900

1843
1900

1844
1901

1845
1897

1846
1894

1847
1902

1848
1903

1849
1904

1850
1905

1851
1911

1852
1906

1853
1907

1854
1907

1855
1909

1856
1908

1857
1911

1858
1910

1859
1911

1860
1911

1861
1914

1862
1913

1863
1914

1864
1914

1865
1916

1866
1916

1867
1916

1868
1918

1869
1918

1870
1918

1871
1920

1872
1919

1873
1921

1874
1921

1875
1922

1876
1924

1877
1923

1878
1923

1879
1924

1880
1925

1881
1928

1882
1926

1883
1927

1884
1927

1885
1928

1886
1931

1887
1931

1888
1930

1889
1931

1890
1932

1891
1933

1892
1934

1893
1934

1894
1934

1895
1935

1896
1937

1897
1936

1898
1937

1899
1938

1900
1938

1901
1940

1902
1940

1903
1941

1904
1941

1905
1943

1906
1942

1907
1944

1908
1944

1909
1945

1910
1945

1911
1946

1912
1947

1913
1947

1914
1947

1915
1948

1916
1950

1917
1950

1918
1951

1919
1952

1920
1951

1921
1953

1922
1953

1923
1954

1924
1955

1925
1955

1926
1956

1927
1956

1928
1956

1929
1959

1930
1958

1931
1960

1932
1959

1933
1961

1934
1962

1935
1962

1936
1963

1937
1963

1938
1963

1939
1965

1940
1966

1941
1967

1942
1966

1943
1967

1944
1968

1945
1969

1946
1970

1947
1969

1948
1971

1949
1972

1950
1972

1951
1974

1952
1973

1953
1974

1954
1974

1955
1975

1956
1977

1957
1977

1958
1978

1959
1978

1960
1978

1961
1981

1962
1980

1963
1981

1964
1980

1965
1982

1966
1983

1967
1984

1968
1984

1969
1985

1970
1986

1971
1986

1972
1987

1973
1988

1974
1987

1975
1988

1976
1989

1977
1990

1978
1990

1979
1993

1980
1991

1981
1994

1982
1993

1983
1995

1984
1994

1985
1996

1986
1998

1987
1997

1988
1997

1989
1998

1990
1999

1991
2001

1992
1999

1993
2001

1994
2000

1995
2002

1996
2003

1997
2004

1998
2004

1999
2004

2000
2006

2001
2007

2002
2006

2003
2007

2004
2007

2005
2009

2006
2010

2007
2010

2008
2011

2009
2011

2010
2011

2011
2013

2012
2013

2013
2015

2014
2015

2015
2016

2016
2017

2017
2017

2018
2017

2019
2018

2020
2019

2021
2020

2022
2019

2023
2020

2024
2025

2025
2022

2026
2021

2027
2023

2028
2023

2029
2037

2030
2025

2031
2028

2032
2026

2033
2027

2034
2027

2035
2029

2036
2030

2037
2030

2038
2031

2039
2031

2040
2032

2041
2033

2042
2033

2043
2034

2044
2034

2045
2036

2046
2037

2047
2037

2048
2038

2049
2038

2050
2038

2051
2040

2052
2040

2053
2041

2054
2041

2055
2043

2056
2043

2057
2044

2058
2045

2059
2046

2060
2045

2061
2047

2062
2047

2063
2048

2064
2049

2065
2051

2066
2049

2067
2052

2068
2051

2069
2051

2070
2052

2071
2057

2072
2053

2073
2054

2074
2055

2075
2055

2076
2058

2077
2058

2078
2057

2079
2059

2080
2059

2081
2061

2082
2060

2083
2062

2084
2065

2085
2063

2086
2063

2087
2064

2088
2064

2089
2062

2090
2065

2091
2067

2092
2066

2093
2071

2094
2068

2095
2070

2096
2070

2097
2072

2098
2072

2099
2072

2100
2073

2101
2074

2102
2073

2103
2074

2104
2073

2105
2076

2106
2076

2107
2078

2108
2078

2109
2079

2110
2079

2111
2081

2112
2078

2113
2082

2114
2081

2115
2082

2116
2083

2117
2082

2118
2084

2119
2088

2120
2085

2121
2087

2122
2088

2123
2086

2124
2089

2125
2089

2126
2091

2127
2090

2128
2092

2129
2092

2130
2093

2131
2093

2132
2098

2133
2095

2134
2094

2135
2096

2136
2096

2137
2097

2138
2097

2139
2098

2140
2099

2141
2101

2142
2100

2143
2101

2144
2102

2145
2102

2146
2104

2147
2105

2148
2104

2149
2106

2150
2106

2151
2108

2152
2105

2153
2108

2154
2109

2155
2110

2156
2110

2157
2116

2158
2111

2159
2111

2160
2113

2161
2114

2162
2114

2163
2115

2164
2115

2165
2116

2166
2117

2167
2117

2168
2118

2169
2118

2170
2118

2171
2120

2172
2120

2173
2121

2174
2122

2175
2123

2176
2124

2177
2125

2178
2124

2179
2126

2180
2126

2181
2127

2182
2127

2183
2128

2184
2129

2185
2130

2186
2130

2187
2130

2188
2131

2189
2132

2190
2133

2191
2134

2192
2133

2193
2135

2194
2135

2195
2136

2196
2136

2197
2137

2198
2138

2199
2139

2200
2139

2201
2141

2202
2140

2203
2140

2204
2141

2205
2143

2206
2144

2207
2144

2208
2145

2209
2146

2210
2146

2211
2147

2212
2148

2213
2148

2214
2147

2215
2149

2216
2149

2217
2151

2218
2150

2219
2153

2220
2153

2221
2155

2222
2155

2223
2157

2224
2155

2225
2156

2226
2156

2227
2157

2228
2158

2229
2159

2230
2159

2231
2160

2232
2160

2233
2162

2234
2162

2235
2163

2236
2165

2237
2168

2238
2166

2239
2165

2240
2166

2241
2167

2242
2167

2243
2168

2244
2169

2245
2171

2246
2171

2247
2171

2248
2171

2249
2172

2250
2173

2251
2175

2252
2173

2253
2175

2254
2175

2255
2177

2256
2177

2257
2177

2258
2178

2259
2180

2260
2179

2261
2182

2262
2182

2263
2181

2264
2182

2265
2182

2266
2184

2267
2185

2268
2184

2269
2186

2270
2187

2271
2188

2272
2187

2273
2189

2274
2188

2275
2188

2276
2191

2277
2191

2278
2192

2279
2192

2280
2193

2281
2194

2282
2194

2283
2202

2284
2195

2285
2197

2286
2198

2287
2198

2288
2198

2289
2198

2290
2199

2291
2201

2292
2202

2293
2202

2294
2202

2295
2203

2296
2204

2297
2204

2298
2205

2299
2206

2300
2205

2301
2207

2302
2208

2303
2208

2304
2208

2305
2210

2306
2211

2307
2211

2308
2211

2309
2211

2310
2213

2311
2214

2312
2214

2313
2215

2314
2215

2315
2217

2316
2218

2317
2219

2318
2218

2319
2219

2320
2220

2321
2220

2322
2217

2323
2222

2324
2223

2325
2224

2326
2224

2327
2225

2328
2224

2329
2225

2330
2227

2331
2227

2332
2226

2333
2228

2334
2230

2335
2229

2336
2231

2337
2231

2338
2231

2339
2233

2340
2233

2341
2234

2342
2233

2343
2235

2344
2235

2345
2238

2346
2238

2347
2237

2348
2238

2349
2240

2350
2238

2351
2241

2352
2239

2353
2242

2354
2242

2355
2243

2356
2244

2357
2245

2358
2244

2359
2248

2360
2246

2361
2248

2362
2247

2363
2249

2364
2248

2365
2250

2366
2251

2367
2252

2368
2252

2369
2252

2370
2253

2371
2254

2372
2255

2373
2256

2374
2256

2375
2256

2376
2256

2377
2257

2378
2251

2379
2259

2380
2259

2381
2261

2382
2261

2383
2262

2384
2262

2385
2262

2386
2265

2387
2265

2388
2266

2389
2266

2390
2268

2391
2267

2392
2267

2393
2269

2394
2269

2395
2262

2396
2271

2397
2272

2398
2272

2399
2273

2400
2273

2401
2275

2402
2274

2403
2275

2404
2275

2405
2276

2406
2277

2407
2279

2408
2278

2409
2279

2410
2280

2411
2281

2412
2280

2413
2283

2414
2284

2415
2284

2416
2285

2417
2284

2418
2284

2419
2284

2420
2292

2421
2288

2422
2288

2423
2288

2424
2289

2425
2290

2426
2291

2427
2291

2428
2293

2429
2293

2430
2293

2431
2294

2432
2294

2433
2295

2434
2296

2435
2296

2436
2297

2437
2298

2438
2298

2439
2300

2440
2296

2441
2301

2442
2301

2443
2302

2444
2303

2445
2303

2446
2304

2447
2304

2448
2305

2449
2305

2450
2306

2451
2309

2452
2307

2453
2309

2454
2308

2455
2310

2456
2310

2457
2311

2458
2311

2459
2313

2460
2313

2461
2316

2462
2314

2463
2319

2464
2315

2465
2317

2466
2318

2467
2318

2468
2318

2469
2319

2470
2319

2471
2322

2472
2321

2473
2322

2474
2322

2475
2323

2476
2324

2477
2325

2478
2325

2479
2326

2480
2326

2481
2327

2482
2328

2483
2329

2484
2329

2485
2330

2486
2331

2487
2331

2488
2331

2489
2333

2490
2333

2491
2334

2492
2334

2493
2341

2494
2336

2495
2337

2496
2337

2497
2337

2498
2338

2499
2339

2500
2339

2501
2341

2502
2340

2503
2342

2504
2343

2505
2343

2506
2344

2507
2344

2508
2345

2509
2346

2510
2347

2511
2349

2512
2348

2513
2348

2514
2349

2515
2349

2516
2351

2517
2351

2518
2352

2519
2352

2520
2353

2521
2355

2522
2354

2523
2356

2524
2356

2525
2357

2526
2358

2527
2359

2528
2358

2529
2359

2530
2363

2531
2361

2532
2361

2533
2363

2534
2362

2535
2364

2536
2363

2537
2365

2538
2365

2539
2367

2540
2366

2541
2369

2542
2369

2543
2370

2544
2369

2545
2371

2546
2371

2547
2371

2548
2368

2549
2373

2550
2373

2551
2374

2552
2374

2553
2376

2554
2376

2555
2377

2556
2379

2557
2379

2558
2379

2559
2380

2560
2380

2561
2381

2562
2381

2563
2382

2564
2383

2565
2383

2566
2384

2567
2385

2568
2384

2569
2386

2570
2386

2571
2388

2572
2387

2573
2389

2574
2389

2575
2390

2576
2392

2577
2392

2578
2391

2579
2393

2580
2393

2581
2395

2582
2394

2583
2395

2584
2395

2585
2398

2586
2398

2587
2398

2588
2398

2589
2400

2590
2400

2591
2402

2592
2402

2593
2403

2594
2402

2595
2403

2596
2404

2597
2405

2598
2404

2599
2406

2600
2406

2601
2408

2602
2408

2603
2407

2604
2408

2605
2411

2606
2411

2607
2411

2608
2408

2609
2413

2610
2413

2611
2414

2612
2414

2613
2416

2614
2415

2615
2415

2616
2417

2617
2417

2618
2418

2619
2420

2620
2420

2621
2421

2622
2422

2623
2422

2624
2423

2625
2423

2626
2424

2627
2425

2628
2425

2629
2426

2630
2426

2631
2429

2632
2428

2633
2428

2634
2429

2635
2433

2636
2431

2637
2431

2638
2431

2639
2432

2640
2434

2641
2434

2642
2434

2643
2435

2644
2436

2645
2437

2646
2437

2647
2437

2648
2439

2649
2440

2650
2439

2651
2441

2652
2440

2653
2443

2654
2442

2655
2444

2656
2444

2657
2444

2658
2445

2659
2447

2660
2447

2661
2449

2662
2448

2663
2448

2664
2449

2665
2450

2666
2451

2667
2451

2668
2452

2669
2442

2670
2455

2671
2455

2672
2455

2673
2455

2674
2456

2675
2457

2676
2457

2677
2458

2678
2458

2679
2458

2680
2458

2681
2462

2682
2461

2683
2462

2684
2461

2685
2464

2686
2465

2687
2465

2688
2465

2689
2466

2690
2466

2691
2468

2692
2467

2693
2469

2694
2469

2695
2471

2696
2470

2697
2472

2698
2471

2699
2473

2700
2473

2701
2476

2702
2474

2703
2476

2704
2476

2705
2477

2706
2478

2707
2479

2708
2479

2709
2480

2710
2479

2711
2479

2712
2481

2713
2482

2714
2483

2715
2483

2716
2486

2717
2486

2718
2485

2719
2487

2720
2487

2721
2490

2722
2488

2723
2488

2724
2489

2725
2491

2726
2490

2727
2492

2728
2491

2729
2493

2730
2493

2731
2494

2732
2495

2733
2496

2734
2496

2735
2497

2736
2498

2737
2497

2738
2497

2739
2499

2740
2500

2741
2502

2742
2501

2743
2503

2744
2503

2745
2504

2746
2504

2747
2505

2748
2505

2749
2507

2750
2507

2751
2508

2752
2507

2753
2509

2754
2509

2755
2510

2756
2523

2757
2512

2758
2512

2759
2513

2760
2514

2761
2515

2762
2515

2763
2515

2764
2517

2765
2517

2766
2518

2767
2519

2768
2519

2769
2520

2770
2521

2771
2522

2772
2521

2773
2523

2774
2522

2775
2523

2776
2523

2777
2525

2778
2525

2779
2526

2780
2527

2781
2528

2782
2528

2783
2529

2784
2529

2785
2531

2786
2532

2787
2532

2788
2533

2789
2533

2790
2533

2791
2535

2792
2535

2793
2535

2794
2536

2795
2539

2796
2539

2797
2539

2798
2539

2799
2540

2800
2540

2801
2542

2802
2542

2803
2542

2804
2543

2805
2543

2806
2545

2807
2545

2808
2545

2809
2546

2810
2545

2811
2549

2812
2548

2813
2549

2814
2550

2815
2551

2816
2550

2817
2551

2818
2553

2819
2554

2820
2553

2821
2555

2822
2554

2823
2556

2824
2555

2825
2556

2826
2558

2827
2558

2828
2558

2829
2560

2830
2560

2831
2562

2832
2561

2833
2562

2834
2562

2835
2564

2836
2564

2837
2564

2838
2565

2839
2566

2840
2566

2841
2569

2842
2568

2843
2569

2844
2569

2845
2570

2846
2571

2847
2572

2848
2572

2849
2573

2850
2573

2851
2575

2852
2574

2853
2576

2854
2576

2855
2578

2856
2577

2857
2572

2858
2579

2859
2579

2860
2580

2861
2580

2862
2582

2863
2583

2864
2583

2865
2583

2866
2585

2867
2586

2868
2585

2869
2587

2870
2586

2871
2589

2872
2587

2873
2589

2874
2588

2875
2590

2876
2592

2877
2592

2878
2593

2879
2593

2880
2594

2881
2595

2882
2594

2883
2595

2884
2597

2885
2597

2886
2598

2887
2598

2888
2599

2889
2599

2890
2599

2891
2601

2892
2599

2893
2603

2894
2602

2895
2604

2896
2604

2897
2605

2898
2605

2899
2607

2900
2606

2901
2608

2902
2607

2903
2609

2904
2609

2905
2610

2906
2612

2907
2612

2908
2612

2909
2612

2910
2614

2911
2616

2912
2613

2913
2615

2914
2616

2915
2616

2916
2619

2917
2618

2918
2619

2919
2619

2920
2620

2921
2621

2922
2620

2923
2623

2924
2623

2925
2622

2926
2626

2927
2626

2928
2626

2929
2627

2930
2626

2931
2629

2932
2628

2933
2629

2934
2629

2935
2629

2936
2631

2937
2632

2938
2633

2939
2632

2940
2634

2941
2635

2942
2635

2943
2636

2944
2629

2945
2637

2946
2637

2947
2638

2948
2638

2949
2641

2950
2640

2951
2642

2952
2641

2953
2642

2954
2641

2955
2644

2956
2645

2957
2645

2958
2646

2959
2647

2960
2646

2961
2648

2962
2648

2963
2650

2964
2650

2965
2651

2966
2652

2967
2653

2968
2651

2969
2653

2970
2653

2971
2654

2972
2656

2973
2657

2974
2656

2975
2657

2976
2658

2977
2658

2978
2660

2979
2660

2980
2661

2981
2663

2982
2659

2983
2663

2984
2660

2985
2664

2986
2665

2987
2665

2988
2664

2989
2667

2990
2670

2991
2668

2992
2670

2993
2669

2994
2664

2995
2671

2996
2672

2997
2673

2998
2672

2999
2668

3000
2673

3001
2674

3002
2674

3003
2676

3004
2675

3005
2677

3006
2678

3007
2679

3008
2679

3009
2679

3010
2680

3011
2682

3012
2681

3013
2683

3014
2682

3015
2684

3016
2684

3017
2686

3018
2685

3019
2687

3020
2686

3021
2689

3022
2688

3023
2689

3024
2690

3025
2690

3026
2692

3027
2690

3028
2692

3029
2693

3030
2693

3031
2696

3032
2694

3033
2696

3034
2696

3035
2698

3036
2698

3037
2699

3038
2699

3039
2701

3040
2699

3041
2702

3042
2702

3043
2703

3044
2704

3045
2704

3046
2705

3047
2705

3048
2705

3049
2708

3050
2706

3051
2706

3052
2709

3053
2709

3054
2709

3055
2711

3056
2711

3057
2712

3058
2712

3059
2713

3060
2714

3061
2715

3062
2715

3063
2716

3064
2716

3065
2717

3066
2719

3067
2719

3068
2719

3069
2719

3070
2720

3071
2723

3072
2721

3073
2723

3074
2723

3075
2724

3076
2726

3077
2726

3078
2725

3079
2727

3080
2727

3081
2730

3082
2729

3083
2730

3084
2729

3085
2732

3086
2732

3087
2728

3088
2733

3089
2734

3090
2734

3091
2736

3092
2735

3093
2736

3094
2736

3095
2737

3096
2738

3097
2739

3098
2738

3099
2740

3100
2740

3101
2743

3102
2742

3103
2744

3104
2743

3105
2746

3106
2746

3107
2746

3108
2746

3109
2747

3110
2748

3111
2749

3112
2748

3113
2750

3114
2750

3115
2750

3116
2752

3117
2753

3118
2753

3119
2752

3120
2755

3121
2756

3122
2755

3123
2757

3124
2757

3125
2758

3126
2759

3127
2759

3128
2760

3129
2760

3130
2760

3131
2763

3132
2763

3133
2763

3134
2764

3135
2765

3136
2765

3137
2766

3138
2766

3139
2767

3140
2768

3141
2769

3142
2768

3143
2770

3144
2770

3145
2771

3146
2773

3147
2772

3148
2772

3149
2774

3150
2773

3151
2776

3152
2776

3153
2776

3154
2782

3155
2779

3156
2779

3157
2779

3158
2779

3159
2781

3160
2779

3161
2783

3162
2782

3163
2784

3164
2783

3165
2786

3166
2786

3167
2787

3168
2786

3169
2788

3170
2787

3171
2789

3172
2793

3173
2791

3174
2790

3175
2791

3176
2792

3177
2793

3178
2792

3179
2795

3180
2795

3181
2796

3182
2797

3183
2797

3184
2797

3185
2797

3186
2798

3187
2799

3188
2800

3189
2801

3190
2803

3191
2802

3192
2801

3193
2803

3194
2804

3195
2804

3196
2806

3197
2807

3198
2807

3199
2803

3200
2807

3201
2810

3202
2808

3203
2811

3204
2810

3205
2811

3206
2813

3207
2811

3208
2813

3209
2814

3210
2813

3211
2816

3212
2816

3213
2817

3214
2817

3215
2818

3216
2819

3217
2819

3218
2819

3219
2821

3220
2817

3221
2823

3222
2822

3223
2822

3224
2823

3225
2824

3226
2826

3227
2825

3228
2826

3229
2828

3230
2830

3231
2829

3232
2829

3233
2831

3234
2830

3235
2828

3236
2833

3237
2833

3238
2833

3239
2834

3240
2839

3241
2835

3242
2836

3243
2836

3244
2836

3245
2837

3246
2840

3247
2839

3248
2840

3249
2840

3250
2842

3251
2843

3252
2842

3253
2843

3254
2843

3255
2846

3256
2845

3257
2839

3258
2847

3259
2847

3260
2843

3261
2850

3262
2849

3263
2851

3264
2849

3265
2845

3266
2852

3267
2852

3268
2853

3269
2852

3270
2853

3271
2856

3272
2856

3273
2856

3274
2857

3275
2858

3276
2860

3277
2860

3278
2860

3279
2861

3280
2861

3281
2863

3282
2862

3283
2864

3284
2863

3285
2865

3286
2866

3287
2866

3288
2866

3289
2868

3290
2868

3291
2868

3292
2868

3293
2870

3294
2871

3295
2871

3296
2872

3297
2873

3298
2873

3299
2874

3300
2875

3301
2876

3302
2876

3303
2877

3304
2876

3305
2878

3306
2880

3307
2879

3308
2880

3309
2881

3310
2881

3311
2884

3312
2883

3313
2878

3314
2884

3315
2885

3316
2887

3317
2887

3318
2886

3319
2887

3320
2888

3321
2890

3322
2889

3323
2889

3324
2891

3325
2892

3326
2893

3327
2893

3328
2893

3329
2894

3330
2895

3331
2896

3332
2896

3333
2896

3334
2897

3335
2897

3336
2898

3337
2899

3338
2899

3339
2900

3340
2900

3341
2903

3342
2902

3343
2904

3344
2904

3345
2905

3346
2906

3347
2907

3348
2907

3349
2908

3350
2907

3351
2909

3352
2910

3353
2910

3354
2910

3355
2911

3356
2912

3357
2913

3358
2913

3359
2914

3360
2914

3361
2916

3362
2916

3363
2917

3364
2917

3365
2918

3366
2919

3367
2919

3368
2920

3369
2921

3370
2920

3371
2923

3372
2922

3373
2924

3374
2924

3375
2924

3376
2926

3377
2926

3378
2927

3379
2928

3380
2927

3381
2930

3382
2929

3383
2930

3384
2931

3385
2931

3386
2932

3387
2933

3388
2933

3389
2935

3390
2935

3391
2936

3392
2936

3393
2937

3394
2937

3395
2938

3396
2939

3397
2940

3398
2942

3399
2940

3400
2941

3401
2942

3402
2942

3403
2944

3404
2943

3405
2945

3406
2947

3407
2947

3408
2946

3409
2947

3410
2948

3411
2950

3412
2950

3413
2951

3414
2951

3415
2952

3416
2952

3417
2952

3418
2952

3419
2955

3420
2954

3421
2956

3422
2955

3423
2957

3424
2957

3425
2958

3426
2959

3427
2960

3428
2960

3429
2962

3430
2961

3431
2964

3432
2962

3433
2964

3434
2963

3435
2965

3436
2966

3437
2967

3438
2967

3439
2969

3440
2968

3441
2970

3442
2969

3443
2971

3444
2971

3445
2973

3446
2973

3447
2973

3448
2973

3449
2974

3450
2974

3451
2976

3452
2976

3453
2977

3454
2977

3455
2978

3456
2978

3457
2980

3458
2980

3459
2980

3460
2981

3461
2983

3462
2982

3463
2983

3464
2990

3465
2987

3466
2986

3467
2985

3468
2986

3469
2987

3470
2989

3471
2990

3472
2989

3473
2990

3474
2990

3475
2992

3476
2993

3477
2993

3478
2994

3479
2993

3480
2995

3481
2996

3482
2995

3483
2997

3484
2997

3485
2999

3486
2999

3487
3000

3488
2999

3489
3001

3490
3001

3491
3003

3492
3002

3493
3004

3494
3004

3495
3006

3496
3005

3497
3006

3498
3007

3499
3008

3500
3008

3501
3010

3502
3010

3503
3010

3504
3011

3505
3012

3506
3013

3507
3013

3508
3014

3509
3014

3510
3015

3511
3016

3512
3016

3513
3018

3514
3017

3515
3018

3516
3020

3517
3020

3518
3021

3519
3022

3520
3021

3521
3023

3522
3022

3523
3024

3524
3024

3525
3026

3526
3025

3527
3026

3528
3026

3529
3028

3530
3028

3531
3030

3532
3029

3533
3031

3534
3031

3535
3032

3536
3033

3537
3033

3538
3035

3539
3035

3540
3034

3541
3036

3542
3036

3543
3037

3544
3038

3545
3039

3546
3039

3547
3040

3548
3038

3549
3042

3550
3042

3551
3043

3552
3043

3553
3044

3554
3044

3555
3046

3556
3047

3557
3047

3558
3047

3559
3048

3560
3048

3561
3051

3562
3050

3563
3050

3564
3050

3565
3052

3566
3046

3567
3054

3568
3053

3569
3055

3570
3056

3571
3055

3572
3056

3573
3057

3574
3058

3575
3059

3576
3058

3577
3059

3578
3060

3579
3061

3580
3063

3581
3063

3582
3063

3583
3065

3584
3063

3585
3065

3586
3067

3587
3067

3588
3067

3589
3068

3590
3068

3591
3070

3592
3069

3593
3070

3594
3070

3595
3071

3596
3079

3597
3074

3598
3074

3599
3075

3600
3074

3601
3075

3602
3076

3603
3078

3604
3078

3605
3079

3606
3079

3607
3079

3608
3079

3609
3080

3610
3081

3611
3083

3612
3082

3613
3083

3614
3084

3615
3086

3616
3086

3617
3086

3618
3086

3619
3088

3620
3089

3621
3097

3622
3090

3623
3091

3624
3091

3625
3092

3626
3092

3627
3092

3628
3093

3629
3095

3630
3096

3631
3099

3632
3095

3633
3097

3634
3097

3635
3099

3636
3099

3637
3100

3638
3100

3639
3102

3640
3101

3641
3103

3642
3101

3643
3104

3644
3104

3645
3105

3646
3106

3647
3107

3648
3107

3649
3107

3650
3108

3651
3111

3652
3107

3653
3111

3654
3111

3655
3112

3656
3112

3657
3113

3658
3113

3659
3115

3660
3115

3661
3117

3662
3117

3663
3117

3664
3118

3665
3119

3666
3120

3667
3119

3668
3120

3669
3121

3670
3121

3671
3123

3672
3122

3673
3124

3674
3123

3675
3125

3676
3126

3677
3127

3678
3127

3679
3128

3680
3128

3681
3131

3682
3130

3683
3131

3684
3131

3685
3132

3686
3132

3687
3134

3688
3133

3689
3135

3690
3135

3691
3137

3692
3136

3693
3138

3694
3138

3695
3139

3696
3140

3697
3138

3698
3140

3699
3141

3700
3142

3701
3143

3702
3143

3703
3144

3704
3144

3705
3145

3706
3146

3707
3146

3708
3147

3709
3148

3710
3148

3711
3149

3712
3150

3713
3151

3714
3150

3715
3152

3716
3152

3717
3152

3718
3154

3719
3154

3720
3156

3721
3157

3722
3156

3723
3157

3724
3158

3725
3159

3726
3160

3727
3161

3728
3160

3729
3161

3730
3161

3731
3164

3732
3163

3733
3169

3734
3164

3735
3165

3736
3165

3737
3166

3738
3167

3739
3168

3740
3168

3741
3170

3742
3170

3743
3171

3744
3171

3745
3172

3746
3172

3747
3174

3748
3174

3749
3175

3750
3175

3751
3177

3752
3176

3753
3177

3754
3178

3755
3179

3756
3180

3757
3180

3758
3181

3759
3182

3760
3182

3761
3183

3762
3183

3763
3185

3764
3184

3765
3186

3766
3186

3767
3186

3768
3187

3769
3188

3770
3188

3771
3191

3772
3189

3773
3191

3774
3191

3775
3193

3776
3193

3777
3194

3778
3193

3779
3195

3780
3195

3781
3197

3782
3197

3783
3198

3784
3198

3785
3199

3786
3201

3787
3200

3788
3201

3789
3199

3790
3201

3791
3204

3792
3203

3793
3205

3794
3211

3795
3206

3796
3207

3797
3208

3798
3207

3799
3209

3800
3209

3801
3211

3802
3208

3803
3210

3804
3218

3805
3213

3806
3213

3807
3214

3808
3214

3809
3216

3810
3214

3811
3217

3812
3217

3813
3218

3814
3219

3815
3219

3816
3219

3817
3220

3818
3220

3819
3221

3820
3221

3821
3224

3822
3224

3823
3225

3824
3224

3825
3225

3826
3227

3827
3227

3828
3228

3829
3229

3830
3228

3831
3230

3832
3230

3833
3231

3834
3223

3835
3232

3836
3234

3837
3231

3838
3234

3839
3236

3840
3236

3841
3237

3842
3237

3843
3238

3844
3239

3845
3239

3846
3240

3847
3240

3848
3240

3849
3242

3850
3242

3851
3243

3852
3242

3853
3245

3854
3245

3855
3246

3856
3246

3857
3249

3858
3248

3859
3249

3860
3249

3861
3250

3862
3245

3863
3252

3864
3249

3865
3252

3866
3253

3867
3254

3868
3254

3869
3255

3870
3255

3871
3258

3872
3254

3873
3258

3874
3258

3875
3259

3876
3261

3877
3260

3878
3261

3879
3262

3880
3263

3881
3264

3882
3264

3883
3264

3884
3265

3885
3266

3886
3267

3887
3268

3888
3267

3889
3270

3890
3269

3891
3270

3892
3275

3893
3271

3894
3271

3895
3272

3896
3273

3897
3273

3898
3273

3899
3274

3900
3275

3901
3277

3902
3278

3903
3278

3904
3278

3905
3280

3906
3280

3907
3281

3908
3281

3909
3282

3910
3282

3911
3282

3912
3283

3913
3284

3914
3285

3915
3285

3916
3287

3917
3289

3918
3289

3919
3289

3920
3289

3921
3291

3922
3290

3923
3291

3924
3293

3925
3293

3926
3294

3927
3293

3928
3294

3929
3295

3930
3295

3931
3297

3932
3296

3933
3298

3934
3298

3935
3299

3936
3300

3937
3301

3938
3301

3939
3302

3940
3302

3941
3303

3942
3304

3943
3304

3944
3304

3945
3305

3946
3307

3947
3307

3948
3307

3949
3308

3950
3309

3951
3311

3952
3310

3953
3311

3954
3311

3955
3313

3956
3315

3957
3314

3958
3314

3959
3316

3960
3316

3961
3317

3962
3316

3963
3317

3964
3317

3965
3319

3966
3321

3967
3321

3968
3321

3969
3322

3970
3321

3971
3324

3972
3323

3973
3325

3974
3322

3975
3326

3976
3326

3977
3326

3978
3328

3979
3328

3980
3328

3981
3330

3982
3330

3983
3331

3984
3330

3985
3332

3986
3334

3987
3334

3988
3335

3989
3335

3990
3335

3991
3337

3992
3336

3993
3338

3994
3337

3995
3340

3996
3339

3997
3340

3998
3341

3999
3339

4000
3341

4001
3344

4002
3343

4003
3346

4004
3344

4005
3346

4006
3346

4007
3347

4008
3348

4009
3348

4010
3348

4011
3350

4012
3349

4013
3352

4014
3353

4015
3353

4016
3354

4017
3354

4018
3354

4019
3356

4020
3356

4021
3358

4022
3356

4023
3359

4024
3359

4025
3360

4026
3360

4027
3360

4028
3360

4029
3362

4030
3362

4031
3365

4032
3363

4033
3364

4034
3365

4035
3367

4036
3367

4037
3367

4038
3367

4039
3368

4040
3369

4041
3370

4042
3370

4043
3370

4044
3371

4045
3372

4046
3374

4047
3375

4048
3375

4049
3375

4050
3375

4051
3378

4052
3377

4053
3378

4054
3378

4055
3380

4056
3379

4057
3380

4058
3381

4059
3382

4060
3381

4061
3385

4062
3384

4063
3385

4064
3385

4065
3384

4066
3387

4067
3387

4068
3387

4069
3389

4070
3391

4071
3391

4072
3390

4073
3392

4074
3391

4075
3393

4076
3395

4077
3394

4078
3394

4079
3394

4080
3394

4081
3397

4082
3396

4083
3398

4084
3398

4085
3400

4086
3400

4087
3401

4088
3401

4089
3403

4090
3402

4091
3404

4092
3403

4093
3405

4094
3405

4095
3408

